        1        2        4        3
        2        6        8        7
        6       10       12       11
       10       14       16       15
       14       18       20       19
       18       22       24       23
       22       26       28       27
       26       30       32       31
       30       34       36       35
       34       38       40       39
       38       42       44       43
       42       46       48       47
       46       50       52       51
       53       54       56       55
       54       58       60       59
       58       62       64       63
       62       66       68       67
       66       70       72       71
       70       74       76       75
       74       78       80       79
       78       82       84       83
       82       86       88       87
       86       90       92       91
       90       94       96       95
       94       98      100       99
       98      102      104      103
      105      106      108      107
      106      110      112      111
      110      114      116      115
      114      118      120      119
      118      122      124      123
      122      126      128      127
      126      130      132      131
      130      134      136      135
      134      138      140      139
      138      142      144      143
      142      146      148      147
      146      150      152      151
      150      154      156      155
      157      158      160      159
      158      162      164      163
      162      166      168      167
      166      170      172      171
      170      174      176      175
      174      178      180      179
      178      182      184      183
      182      186      188      187
      186      190      192      191
      190      194      196      195
      194      198      200      199
      198      202      204      203
      202      206      208      207
      209      210      212      211
      210      214      216      215
      214      218      220      219
      218      222      224      223
      222      226      228      227
      226      230      232      231
      230      234      236      235
      234      238      240      239
      238      242      244      243
      242      246      248      247
      246      250      252      251
      250      254      256      255
      254      258      260      259
      261      262      264      263
      262      266      268      267
      266      270      272      271
      270      274      276      275
      274      278      280      279
      278      282      284      283
      282      286      288      287
      286      290      292      291
      290      294      296      295
      294      298      300      299
      298      302      304      303
      302      306      308      307
      306      310      312      311
      313      314      316      315
      314      318      320      319
      318      322      324      323
      322      326      328      327
      326      330      332      331
      330      334      336      335
      334      338      340      339
      338      342      344      343
      342      346      348      347
      346      350      352      351
      350      354      356      355
      354      358      360      359
      358      362      364      363
      365      366      368      367
      366      370      372      371
      370      374      376      375
      374      378      380      379
      378      382      384      383
      382      386      388      387
      386      390      392      391
      390      394      396      395
      394      398      400      399
      398      402      404      403
      402      406      408      407
      406      410      412      411
      410      414      416      415
      417      418      420      419
      418      422      424      423
      422      426      428      427
      426      430      432      431
      430      434      436      435
      434      438      440      439
      438      442      444      443
      442      446      448      447
      446      450      452      451
      450      454      456      455
      454      458      460      459
      458      462      464      463
      462      466      468      467
      469      470      472      471
      470      474      476      475
      474      478      480      479
      478      482      484      483
      482      486      488      487
      486      490      492      491
      490      494      496      495
      494      498      500      499
      498      502      504      503
      502      506      508      507
      506      510      512      511
      510      514      516      515
      514      518      520      519
      521      522      524      523
      522      526      528      527
      526      530      532      531
      530      534      536      535
      534      538      540      539
      538      542      544      543
      542      546      548      547
      546      550      552      551
      550      554      556      555
      554      558      560      559
      558      562      564      563
      562      566      568      567
      566      570      572      571
      573      574      576      575
      574      578      580      579
      578      582      584      583
      582      586      588      587
      586      590      592      591
      590      594      596      595
      594      598      600      599
      598      602      604      603
      602      606      608      607
      606      610      612      611
      610      614      616      615
      614      618      620      619
      618      622      624      623
      625      626      628      627
      626      630      632      631
      630      634      636      635
      634      638      640      639
      638      642      644      643
      642      646      648      647
      646      650      652      651
      650      654      656      655
      654      658      660      659
      658      662      664      663
      662      666      668      667
      666      670      672      671
      670      674      676      675
      677      678      680      679
      678      682      684      683
      682      686      688      687
      686      690      692      691
      690      694      696      695
      694      698      700      699
      698      702      704      703
      702      706      708      707
      706      710      712      711
      710      714      716      715
      714      718      720      719
      718      722      724      723
      722      726      728      727
      729      730      732      731
      730      734      736      735
      734      738      740      739
      738      742      744      743
      742      746      748      747
      746      750      752      751
      750      754      756      755
      754      758      760      759
      758      762      764      763
      762      766      768      767
      766      770      772      771
      770      774      776      775
      774      778      780      779
      781      782      784      783
      782      786      788      787
      786      790      792      791
      790      794      796      795
      794      798      800      799
      798      802      804      803
      802      806      808      807
      806      810      812      811
      810      814      816      815
      814      818      820      819
      818      822      824      823
      822      826      828      827
      826      830      832      831
      833      834      836      835
      834      838      840      839
      838      842      844      843
      842      846      848      847
      846      850      852      851
      850      854      856      855
      854      858      860      859
      858      862      864      863
      862      866      868      867
      866      870      872      871
      870      874      876      875
      874      878      880      879
      878      882      884      883
      885      886      888      887
      886      890      892      891
      890      894      896      895
      894      898      900      899
      898      902      904      903
      902      906      908      907
      906      910      912      911
      910      914      916      915
      914      918      920      919
      918      922      924      923
      922      926      928      927
      926      930      932      931
      930      934      936      935
      937      938      940      939
      938      942      944      943
      942      946      948      947
      946      950      952      951
      950      954      956      955
      954      958      960      959
      958      962      964      963
      962      966      968      967
      966      970      972      971
      970      974      976      975
      974      978      980      979
      978      982      984      983
      982      986      988      987
      989      990      992      991
      990      994      996      995
      994      998     1000      999
      998     1002     1004     1003
     1002     1006     1008     1007
     1006     1010     1012     1011
     1010     1014     1016     1015
     1014     1018     1020     1019
     1018     1022     1024     1023
     1022     1026     1028     1027
     1026     1030     1032     1031
     1030     1034     1036     1035
     1034     1038     1040     1039
