        1        2        4        3        5        6        8        7
        2       10       12        4        6       14       16        8
       10       18       20       12       14       22       24       16
       18       26       28       20       22       30       32       24
       26       34       36       28       30       38       40       32
       34       42       44       36       38       46       48       40
       42       50       52       44       46       54       56       48
       50       58       60       52       54       62       64       56
       58       66       68       60       62       70       72       64
       66       74       76       68       70       78       80       72
       74       82       84       76       78       86       88       80
       82       90       92       84       86       94       96       88
       90       98      100       92       94      102      104       96
       98      106      108      100      102      110      112      104
      106      114      116      108      110      118      120      112
      114      122      124      116      118      126      128      120
      122      130      132      124      126      134      136      128
      130      138      140      132      134      142      144      136
      138      146      148      140      142      150      152      144
      146      154      156      148      150      158      160      152
      154      162      164      156      158      166      168      160
      162      170      172      164      166      174      176      168
      170      178      180      172      174      182      184      176
      178      186      188      180      182      190      192      184
      186      194      196      188      190      198      200      192
      194      202      204      196      198      206      208      200
      202      210      212      204      206      214      216      208
      210      218      220      212      214      222      224      216
      218      226      228      220      222      230      232      224
      226      234      236      228      230      238      240      232
      234      242      244      236      238      246      248      240
      242      250      252      244      246      254      256      248
      250      258      260      252      254      262      264      256
      258      266      268      260      262      270      272      264
      266      274      276      268      270      278      280      272
      274      282      284      276      278      286      288      280
      282      290      292      284      286      294      296      288
      290      298      300      292      294      302      304      296
      298      306      308      300      302      310      312      304
      306      314      316      308      310      318      320      312
      314      322      324      316      318      326      328      320
      322      330      332      324      326      334      336      328
      330      338      340      332      334      342      344      336
      338      346      348      340      342      350      352      344
      346      354      356      348      350      358      360      352
      354      362      364      356      358      366      368      360
      362      370      372      364      366      374      376      368
      370      378      380      372      374      382      384      376
      378      386      388      380      382      390      392      384
      386      394      396      388      390      398      400      392
      394      402      404      396      398      406      408      400
      402      410      412      404      406      414      416      408
      410      418      420      412      414      422      424      416
      418      426      428      420      422      430      432      424
      426      434      436      428      430      438      440      432
      434      442      444      436      438      446      448      440
      442      450      452      444      446      454      456      448
      450      458      460      452      454      462      464      456
      458      466      468      460      462      470      472      464
      466      474      476      468      470      478      480      472
      474      482      484      476      478      486      488      480
      482      490      492      484      486      494      496      488
      490      498      500      492      494      502      504      496
      498      506      508      500      502      510      512      504
      506      514      516      508      510      518      520      512
      514      522      524      516      518      526      528      520
      522      530      532      524      526      534      536      528
      530      538      540      532      534      542      544      536
      538      546      548      540      542      550      552      544
      546      554      556      548      550      558      560      552
      554      562      564      556      558      566      568      560
      562      570      572      564      566      574      576      568
      570      578      580      572      574      582      584      576
      578      586      588      580      582      590      592      584
      586      594      596      588      590      598      600      592
      594      602      604      596      598      606      608      600
      602      610      612      604      606      614      616      608
      610      618      620      612      614      622      624      616
      618      626      628      620      622      630      632      624
      626      634      636      628      630      638      640      632
      634      642      644      636      638      646      648      640
      642      650      652      644      646      654      656      648
      650      658      660      652      654      662      664      656
      658      666      668      660      662      670      672      664
      666      674      676      668      670      678      680      672
      674      682      684      676      678      686      688      680
      682      690      692      684      686      694      696      688
      690      698      700      692      694      702      704      696
      698      706      708      700      702      710      712      704
      706      714      716      708      710      718      720      712
      714      722      724      716      718      726      728      720
      722      730      732      724      726      734      736      728
      730      738      740      732      734      742      744      736
      738      746      748      740      742      750      752      744
      746      754      756      748      750      758      760      752
      754      762      764      756      758      766      768      760
      762      770      772      764      766      774      776      768
      770      778      780      772      774      782      784      776
      778      786      788      780      782      790      792      784
      786      794      796      788      790      798      800      792
